Matrix 1:
88,86,89,44
33,41,80,88
96,17,50,56
44,30,4,4
Matrix 2:
7,97,25,64
3,85,75,84
69,49,23,37
29,60,63,77
Matrix 1 + Matrix 2:
95,183,114,108
36,126,155,172
165,66,73,93
73,90,67,81
Matrix 1 * Matrix 2:
8291,22847,13469,19537
8426,15886,11284,15292
5797,16567,8353,13734
790,7254,3694,5792

Matrix 1:
96,93,7
73,54,43
54,85,9
Matrix 2:
58,83,95
96,20,51
27,26,77
Matrix 1 + Matrix 2:
154,176,102
169,74,94
81,111,86
Matrix 1 * Matrix 2:
14685,10010,14402
10579,8257,13000
11535,6416,10158

Matrix 1:
92,35
20,29
Matrix 2:
66,60
53,56
Matrix 1 + Matrix 2:
158,95
73,85
Matrix 1 * Matrix 2:
7927,7480
2857,2824

Matrix 1:
23,0,47,12
3,43,34,47
39,71,99,46
54,21,58,49
Matrix 2:
91,0,86,85
58,55,49,6
20,56,26,29
73,45,0,31
Matrix 1 + Matrix 2:
114,0,133,97
61,98,83,53
59,127,125,75
127,66,58,80
Matrix 1 * Matrix 2:
3909,3172,3200,3690
6878,6384,3249,2956
13005,11519,9407,8038
10869,6608,7181,7917

Matrix 1:
97,50,29
22,31,55
30,23,43
Matrix 2:
35,9,30
66,0,77
61,59,37
Matrix 1 + Matrix 2:
132,59,59
88,31,132
91,82,80
Matrix 1 * Matrix 2:
8464,2584,7833
6171,3443,5082
5191,2807,4262

